image: map_20260430_211021.pgm
mode: trinary
resolution: 0.030000
origin: [-7.000000, -7.000000, 0.000000]
negate: 0
occupied_thresh: 0.65
free_thresh: 0.35
